1175 -6482 972 1555
0 0 1 5
12 13 12 13
0 1 0 5
1175 -6482 972 1555
-38 4426 3753 5276
-3339 -2666 -3339 -2666
-5903 -5321 -5903 -5321
-2851 3206 -2851 3206
-9700 6766 -7609 -963
-3394 -4805 5026 -4805
2337 -1688 2337 3723
1461 -9327 1461 563
-9271 9708 -7495 4740
-3080 -8399 -3080 3725
-931 -8612 4470 -4252
-5501 -6677 -5501 -6677
-5785 -6789 -377 -6789
-7513 4375 -7513 4375
2164 -8014 2967 9305
2289 -8363 836 -8363
5248 4572 5248 8993
5168 6534 5168 5480
-4422 9640 -9278 -1531
-5299 1313 -5299 1313
309 -7597 309 8189
820 -4074 820 -4074
-4810 -3535 -4810 -3535
820 -8882 820 3292
-9916 -2036 -9916 -2036
-1135 -3324 -1135 -4588
3163 -4894 3163 -9172
-369 -933 3116 -933
-6225 7299 2768 7299
6064 -2577 6064 8631
8888 5178 -2777 5178
-482 1723 -482 5655
-9446 -8068 2713 -8068
-8363 1572 -8363 7356
1172 6742 1172 6742
-5266 5134 8357 -3362
-6459 -1969 -4795 -1969
-3778 6659 -671 9524
-3360 4598 -3360 4598
0 1 0 5
8734 5324 8734 -961
-8702 802 -8702 -9131
-6968 7343 -174 7343
-5716 -4489 -5716 7283
-6315 9998 3800 -6496
7873 -6335 -2545 -6866
950 119 1787 119
-6693 -9671 3258 -9671
-5751 3147 7889 3147
8560 3014 4544 3821
-4868 6651 -4868 6651
-8947 7276 4155 7276
1851 -3662 1851 9357
-581 -3402 6031 -3402
-1792 -5551 -8135 -1539
4491 -9470 4491 -4494
8895 -8046 8895 3289
884 6892 935 6892
3332 4275 3332 2447
5061 2860 5061 2860
4617 5631 -873 -6077
-8413 9657 -8413 9657
-6906 5781 -8976 6429
5725 -188 8591 -619
-781 -7786 3664 2673
1621 3604 -2556 3604
-341 -7377 -4567 896
381 3136 9026 3136
-591 -9443 -591 2441
-8216 -9964 -8216 6618
6144 -3431 -7611 -4491
5295 -9679 -3226 -9679
1222 -7631 -2495 -6638
-1099 -3693 -1099 -3693
5543 -4954 5543 -4954
5819 4160 5819 4160
-1941 948 -1941 948
-217 2976 -217 8543
5602 4647 5602 1091
7096 3595 7096 -8225
