481
4386 16431
27493 16352
15316 31769
6450 15242
4902 18246
39170 8586
7086 19356
25302 12676
26851 1740
36398 8286
17412 27201
39636 12430
31951 38545
16681 35753
4236 29046
38394 34206
27724 9157
22187 12730
34090 30267
33061 15016
30512 3635
20774 19169
4492 98
36662 21748
20900 18311
4826 38354
11535 31387
15072 16980
31607 6182
20482 33843
493 16642
9831 21209
1866 15644
24417 6600
5653 8356
33259 18235
776 35199
4168 29809
25279 8821
14345 4178
9170 5024
29104 7938
17563 23237
15046 38730
1914 35246
32478 2216
3193 5956
14207 4220
39062 8609
31104 38343
31272 32315
11060 7073
32850 31858
11265 38512
26617 31219
19638 28748
39006 32667
8601 773
10050 10429
20824 27383
29658 34963
19858 21779
17891 9313
34892 6442
20128 23825
33275 25895
9821 15176
37559 8674
15160 6158
29303 35696
26235 39377
28828 25867
10845 11089
4896 8984
2985 26531
25131 31657
26381 1250
6931 34129
5512 4082
5246 23178
3769 17817
30562 29816
20019 8161
33320 585
27883 27552
32308 12787
26308 23662
4658 33617
20787 27871
16408 10056
30570 23939
5786 36649
23483 22487
4334 35811
36740 9462
35312 34917
29355 21708
34158 20925
25958 18203
35916 5182
8746 13441
7633 11300
10686 33597
35418 10685
2889 10529
1260 9109
8604 19749
11720 10659
19421 36273
7576 9745
29199 33408
28012 26800
962 4899
6357 10798
27908 29714
4525 29328
29916 27124
3562 37257
18216 28098
18613 23557
8156 370
15101 26838
29671 23936
11836 21517
16611 9380
689 38391
34942 22545
38689 23678
24267 8515
7021 20989
9778 15142
39279 10061
26526 22024
655 33062
15115 10300
13912 30612
8918 3286
9816 8603
4051 13952
12070 15064
31574 37112
3565 30974
2079 5254
33678 11580
39208 18244
38430 25454
15209 28947
11258 27549
20600 18257
9752 20757
9477 32289
24664 1593
16540 8600
26612 28463
33499 28787
34478 5872
22579 32900
31391 18802
27901 17459
31123 38895
3856 18897
34130 12504
25235 13628
16285 22042
21346 14272
12682 9705
38303 21549
17699 28473
7117 16175
24483 1798
25857 9561
3566 9401
38175 18068
39506 23854
32918 12702
24965 23667
14311 30315
34453 23037
34242 25863
14355 35116
15835 22324
34277 27521
16742 39172
35539 3907
36740 8569
13791 919
35667 11055
25661 19480
5670 16569
35963 1631
16028 2688
3595 7523
4108 37147
26634 1427
11814 35491
38469 17222
18802 37462
35506 21378
25673 29458
7504 29290
20903 38540
15935 37524
13439 5140
32096 39415
30028 33601
39103 39411
37204 10348
2258 31115
13842 22454
16568 36963
15489 13462
3785 32582
22692 15408
17938 18639
38086 16226
4310 10255
1743 16007
19253 35087
167 18290
27068 3971
37347 1373
21475 27886
14690 28681
31202 17119
30019 7233
4030 322
18569 22086
34585 23299
29490 29766
20988 7877
30348 600
1143 19998
19817 36617
16909 24266
9200 35562
7312 5861
23025 18923
14993 38939
14524 38532
4551 2353
29518 21263
39181 27973
21522 32665
30720 36003
27260 9054
16396 5174
39340 6662
39721 37888
6449 12281
22558 15187
5279 21572
22215 26339
35940 1832
32722 17070
33955 18549
30815 33218
12414 25315
26348 35302
6651 6766
27607 5889
31411 27331
35455 13900
22407 4015
39819 26027
4700 30978
4264 10603
24932 9822
1611 3878
39089 37417
25923 8127
12285 9578
15498 3938
25745 14223
29655 16478
13132 73
24508 596
24822 11713
6155 35573
22192 19522
27043 38297
12210 13770
17151 9076
7134 31882
26563 28421
31556 39497
21181 9163
8708 39893
24333 31923
19163 30042
25316 26324
29296 17351
16567 23993
37129 2315
38788 12327
3035 33338
11210 29526
2768 201
267 32478
29891 7539
34401 28466
13626 9946
31434 26963
32867 28028
39947 10365
31794 12706
29699 38300
31612 7186
20803 1682
31776 4062
27228 38474
27528 30124
37034 34353
27245 30558
11391 19200
35531 39836
25890 20808
26335 20710
36192 2695
31250 15399
15219 17647
37889 5097
22786 7825
32249 20861
1682 5334
22888 30288
9008 25761
18482 19258
22316 11153
5879 27298
16425 4668
33378 10162
39827 23176
17897 34042
36829 26014
13237 8383
5779 20097
11572 1859
24501 33553
24592 23225
10508 36293
38219 1907
10656 13282
29159 25398
34293 37000
36262 27845
26707 36015
20284 12382
16044 2590
10360 30974
30716 23464
24909 16496
20883 27571
22393 20087
39034 5436
30411 294
36164 31794
1569 5147
26060 1910
8138 32653
35736 6160
28595 27120
32795 5620
36891 36107
13655 26660
30788 13812
25246 9258
15497 35149
32386 8251
2808 34722
1072 27566
18696 3469
29460 1864
345 25597
20253 35239
16675 7839
4474 17175
4428 16905
6404 8686
27345 24429
22298 4806
6766 21033
16294 12239
28830 32096
19946 7731
2729 21024
13668 32504
36912 1990
13246 32235
1029 18670
11468 14690
36043 39460
19780 32790
22431 31947
4640 34279
4230 32273
30568 411
4272 4772
7560 26837
35463 3188
20620 17942
17416 31512
32535 17256
16717 7847
6586 31102
9379 7908
30049 5175
23057 10858
19360 15272
1247 18742
412 19718
31390 23302
5231 2029
11461 14937
10119 7333
31471 27957
6486 30526
22802 38688
12993 15774
27855 6475
26762 9439
37190 26976
21931 10660
29216 38963
25491 39721
34506 19588
16098 34575
39761 12193
16657 4538
18102 584
37330 33036
2672 20872
29383 12759
17991 29865
33864 12415
18795 31053
3525 34492
11052 7965
17788 31980
4675 16142
32371 21757
9327 33294
9529 2385
31935 38277
3723 12774
33028 2236
35938 30682
18962 11499
37610 36478
29898 32421
15278 24927
9730 598
5964 27314
9714 3207
20406 13947
39265 6131
25241 27227
20332 10518
31793 22469
13620 328
18958 7903
5169 6227
13928 21008
20663 21376
21217 30456
37536 34788
19523 17042
3038 32180
17212 30334
9954 19440
15323 5455
13326 20703
24638 33810
32373 23001
28232 26998
16156 22489
7928 18866
527 1478
32040 7096
39597 36438
14229 38041
23247 17650
352
24395 34969
32616 37038
25014 28188
25198 4789
19438 36211
1182 22680
10478 27977
11953 26310
22317 20679
335 23209
22419 13154
7281 10398
1964 20137
35415 34757
37705 25477
13078 19557
26060 30938
39504 3776
3489 10388
38064 5345
22899 31803
6435 1851
37144 9040
7615 15404
9401 20714
14672 39374
16295 8033
22692 29328
36330 31870
14246 4039
21224 20155
10438 17433
5664 17951
8589 16694
26080 15915
963 30523
3652 33080
511 24240
10166 38182
30688 36497
12798 34434
9430 32741
11954 32653
6733 27628
8084 4267
11985 22535
18686 756
1360 4367
24347 38185
18703 39828
2768 14798
28702 17297
25696 28166
30099 7989
4686 32806
39193 13206
9063 35730
34258 20425
19088 16286
36218 14999
39285 24303
5562 9714
33326 30412
39249 7224
9555 12953
34532 28987
22614 6212
30955 19866
10367 26200
32405 1895
32125 628
14523 39532
22182 33728
16136 8033
11789 38939
25202 17332
38688 2894
30083 36601
29672 23997
35742 30658
17070 19152
27283 4878
38693 32189
4160 5957
9259 36258
12307 12611
9474 18152
36085 35241
33878 34098
30934 7933
2508 12158
302 23770
24668 18137
6002 7047
20425 6726
7991 15868
21914 1867
38503 2856
37796 31248
32089 10272
3400 1237
9211 29743
19535 9077
8878 18306
34328 15974
15046 16290
14683 38947
12895 33624
18320 8216
22402 26361
10212 14387
5189 37460
23159 38533
23813 22648
25777 5199
3593 19626
3662 23967
36113 33567
3596 37608
6409 20331
31980 29469
28622 24346
15830 6697
30467 16341
23189 18320
829 21450
18598 33348
13597 1676
617 14646
892 22469
13445 32908
28064 33423
26980 33600
510 17122
36131 22171
18037 31230
1385 39315
28455 7576
8811 29794
542 23402
30754 21026
2138 14889
366 12511
1691 4861
3781 5424
2169 39193
37981 12448
23163 21323
24262 35051
12126 22766
14565 31053
13724 4740
4219 26991
39444 23722
35327 38368
12099 20575
26968 27588
20114 23892
7046 20266
10810 11428
10231 19940
34889 29119
16567 21880
17109 2737
3053 6080
6668 36246
27580 142
24834 5997
1765 23478
39472 19780
32791 26754
28022 3474
39144 30388
29878 25668
14876 38719
22953 32097
31460 2203
35462 17032
9823 10839
28757 10052
1219 29913
24439 23056
20334 8685
8979 18124
28151 36672
36733 32626
36086 38688
13007 7504
38003 23839
31442 1138
9731 38217
5634 5022
10816 25236
11859 11139
18384 31398
17333 4360
4706 13855
1672 17145
1511 14635
14316 14292
18430 17327
32250 1216
5005 14589
32527 13747
11242 5606
484 34327
33931 1669
20759 17581
37740 37546
5391 27942
36547 20117
291 35457
4796 23052
15556 27531
29255 1308
32180 24437
18955 36096
126 26400
13271 27275
2059 23919
17735 28549
1580 22734
19461 37420
25575 6898
27897 19610
39528 30991
2588 5839
35435 4508
12275 23022
28419 1639
4902 29536
2534 20448
13638 4913
16114 11166
24852 36488
24509 38724
35145 13355
7927 17174
6158 10914
34298 28759
21557 13441
5017 39146
20412 35918
39280 9108
16883 16212
32635 37578
32238 25156
11675 17996
15081 28186
33802 15721
6294 20670
30799 5818
27398 14195
34771 35100
27314 12160
15478 30598
13403 38286
3850 20576
18917 38470
7949 7099
9082 15585
9297 7905
11060 23757
10953 37480
29018 31067
15863 35018
20922 37632
3029 24519
5378 12761
3036 14041
28091 2753
39433 30432
6034 13431
9592 28472
38905 11777
3752 24815
10313 18367
16311 25540
1700 18144
27418 4604
6722 27565
18610 6578
36765 1196
1537 39793
33496 29981
25220 25942
26313 20160
33545 27680
18262 32459
39778 15486
27372 23419
8830 36658
10987 22765
29067 21559
14462 13045
3163 38891
12708 31848
37129 33976
21666 28910
26146 125
26876 3852
29119 28814
39094 15223
39383 33887
12226 30938
37150 9292
36083 34248
24881 21110
2486 38720
37831 37864
21254 34088
33817 19069
25090 23609
16939 35181
19231 10084
36403 6644
22403 32146
36013 17629
18928 12215
312 35937
5388 5051
3228 36797
38325 29671
2213 7231
38540 36887
15981 9149
10428 31475
1364 32889
20283 16801
28607 35875
32024 4360
30329 27249
38057 20626
612 19225
24862 21941
9601 19798
1553 24375
39952 9345
10065 32622
15338 20651
3987 26004
20820 11939
18472 29625
27589 32217
21523 7025
14605 21883
14342 22507
14324 7214
6410 18193
1875 60
34445 23792
39682 10322
311
9511 12152
14978 39779
20372 12837
37392 7444
14496 10107
5509 3997
34219 14302
12606 808
34754 32688
4256 24607
28299 6364
35687 37071
38724 34431
9661 2587
34588 26775
17199 18198
18806 29908
22747 32710
33010 22644
2212 21143
840 18400
34319 25231
23343 39466
13217 19479
9380 18354
20981 14353
39780 18190
25004 15260
4599 13868
3998 31946
21102 23916
28302 6201
23416 15134
12446 17762
38719 13694
37667 11528
38591 3824
16805 31756
38153 6567
32505 22008
6202 11890
15691 3246
20580 16680
2642 20877
12763 4265
14662 2553
23411 20715
33140 2507
17148 29165
29622 34175
38543 3511
26149 17905
6852 8021
24207 35889
11385 26585
18007 1780
23806 26315
39999 747
19291 31711
25752 36312
31866 31689
5046 1038
39396 25222
1000 31939
6676 32014
37932 777
5986 11594
11351 27187
27528 18269
30382 11321
26406 1039
17968 3903
6446 37033
16795 10645
34072 9032
29743 31737
37370 14186
3238 2156
20829 17370
30714 29056
36080 23179
2597 35573
16119 34185
18479 36773
38953 35343
23398 34587
17278 19420
39478 27359
24061 19458
6635 22752
11044 13163
25111 23471
24576 37397
6039 36059
23708 2311
8964 17919
16183 22178
16897 34033
8693 12535
32542 7299
19230 31464
39263 23360
34741 2808
11269 3142
16207 38189
11920 32499
7279 35388
33239 27483
264 35582
24658 16383
38571 25592
4973 11082
22903 6476
18879 3669
32964 17277
16093 33587
11456 39165
36717 14887
9689 10176
13191 39803
9220 21112
10326 38119
36023 17930
23484 1965
33755 36700
2358 3750
646 27593
30203 4194
12247 15035
35463 32309
32976 29631
24057 29878
17901 24191
35149 38936
27128 21916
28000 8922
13180 21793
17587 7572
33349 14452
15767 30929
3342 28366
13618 33216
39824 7091
30934 4671
24509 37068
10883 18341
21956 11796
34728 23858
8072 31721
17776 21990
1166 13322
7011 10232
9945 13962
26273 11230
13590 26284
8049 5642
10251 136
18627 19061
37344 30515
15673 652
6129 35479
1864 31543
33157 29581
31815 8703
3966 35917
14829 25262
1071 12566
94 36975
39335 37682
25763 19570
12136 29969
3402 35041
348 37167
5645 296
19594 3404
32079 11553
15274 26248
9755 17368
15231 13561
20824 9706
16618 30996
33851 17611
22824 25765
12867 37334
35501 1255
19431 33577
5492 2183
6358 11317
31268 29727
37129 7509
28754 33672
13535 27723
15356 7926
13962 25870
13912 39831
7384 21816
25318 36091
5814 31782
14634 27898
22698 28225
33800 3925
26344 25837
17063 8546
15062 34493
2671 25943
19004 16970
34094 22443
22490 6440
9186 18359
19437 24599
7035 12663
670 3880
4941 9128
17923 39059
6699 10308
13994 2634
31311 20678
36217 29981
13626 3463
25716 11170
36872 22298
11721 8853
2403 22263
19398 9045
31721 37352
3677 39472
13808 16379
38291 13907
30005 9043
25804 22933
26199 36098
7238 17692
26032 38631
21506 7274
34694 13531
36407 16962
24891 16186
31670 33736
26378 7952
6814 11604
8712 20228
33278 39552
8255 6731
35545 35326
996 32929
5850 31806
2356 33596
821 28584
15238 6777
15851 11406
13027 18913
3907 37402
8258 1891
8238 21042
28660 28529
4810 711
17300 8120
7947 34024
34834 22938
39773 211
23851 104
30860 7763
3438 21966
19036 35368
7098 2130
11397 26571
3559 15051
28685 37062
7170 22652
6297 23455
30051 12222
5330 5135
28120 23350
11513 38060
30255 7010
4685 8684
26449 3392
32068 15266
14187 33185
39169 5176
3885 15000
12739 14265
27568 1243
11898 2
10341 17254
22897 17826
28149 32276
28961 22738
11357 28484
27432 36484
25170 31772
22435 30918
1846 10538
32086 30843
7457 26056
21802 18314
11147 13538
1611 1977
30087 36197
8154 27485
3133 31595
2813 28811
25930 17833
29745 21476
9182 31802
27240 35452
39454 13389
1327 16461
9284 4109
2147 38784
11288 5872
273
7440 31926
30982 23613
32582 7602
13455 33282
36480 29538
16428 18552
36486 34275
18057 10885
38866 30036
24400 29137
5333 37879
24352 8500
31218 20399
31054 9779
15818 39645
25645 34694
36098 8557
33282 15128
37636 13913
14798 21924
39284 26492
1936 3343
17619 18340
4221 20393
30301 22713
37429 78
27494 21675
20564 33990
34452 26218
9172 3040
24355 16297
35834 13390
4334 34201
24936 22994
25550 9867
6812 7731
25377 3506
8208 26857
36321 14530
18306 37498
13412 37621
17214 19029
14543 27108
266 26545
25621 6697
33929 190
28467 39381
30386 31088
720 19434
5507 15259
29091 30099
38864 4530
25061 1580
2215 1054
7588 35505
37956 37735
19972 22398
37803 38304
21474 25733
17476 19139
34403 38661
23924 26186
25964 4380
29774 16903
14086 1418
33409 23414
38763 2211
32068 11773
25503 35046
7152 39701
978 25288
20375 22754
26949 21446
14856 32864
13876 14159
5321 18816
7730 10942
16699 11298
20156 25361
4074 10101
30530 2913
4423 10558
39403 36425
7733 7525
19923 14502
812 3013
36571 21733
31449 19112
22317 5346
11957 17277
7074 39254
39578 12394
16413 22193
1145 30628
34191 21087
30018 32766
1701 8095
19725 39499
36543 3304
4788 9471
18708 21017
35975 37849
14099 25122
15022 37256
16697 31088
24975 35786
7756 33901
21464 1825
16820 32421
36480 13019
34119 6951
13036 30459
32417 35415
4840 18558
38187 17948
12148 35302
15827 33996
17982 28497
27504 27887
29261 4368
23535 459
1731 20971
14662 29821
27641 25313
21519 1609
16677 7719
32803 39550
26657 33451
6213 21943
12565 16868
7148 37488
21860 5570
30513 5863
12689 38362
34393 23645
31819 14599
811 37986
22169 15233
20813 3584
17318 19785
21634 11601
5537 11971
20580 5616
25447 17813
15953 13562
36069 37674
35676 28462
24877 37161
14861 18035
24646 33133
37247 8146
30244 11437
12015 21910
112 1552
32198 20674
17915 17552
11854 29382
23303 1695
39678 7404
36405 31181
1573 2855
36357 1033
15967 25536
17184 15845
24722 31844
18564 34225
6117 8001
10439 4013
31738 11258
5232 4283
8282 16254
6889 30710
6488 28994
12830 33549
9343 23712
19809 19525
279 19897
22549 2201
32809 3454
32632 36724
38302 21380
34037 9542
20157 19855
26159 19537
22933 30845
35705 567
23321 30242
11173 37228
1503 16626
24291 25068
17843 2955
31938 31810
32229 13928
19447 31251
30882 7564
10162 37732
39365 11854
15344 12403
37395 28654
16456 6735
24680 21450
38877 2788
3306 13964
31165 3815
27797 19529
9104 1234
36975 1900
22381 14456
30373 34531
36563 18039
6107 7165
21564 28442
29075 611
36471 14666
30461 13177
22018 26179
32598 34762
21913 22773
15344 34078
4850 7479
11492 3862
16048 39295
37920 17549
22375 28027
37993 26427
8504 24924
998 5994
8215 31523
34437 7211
38414 27699
468 12839
7944 36471
37126 17184
31540 37493
3603 19390
30399 15505
19838 34749
18618 1555
33701 33949
4697 37741
21628 35049
7427 7443
17627 22909
6826 32692
10428 39048
18276 3583
23788 4029
36456 36860
295 1776
13539 16982
12830 13635
3143 37207
29311 9076
10136 10352
20387 22276
3563 33062
28788 28782
23491 35351
17377 33926
19894 18492
3484 17421
13425 24676
20783 2970
38614 4369
11567 103
3713 35606
8801 35158
39505 9180
10407 16992
9295 4394
33274 13679
17786 29269
10647 845
367
26510 30765
4682 22714
15119 3791
18580 9393
24223 22788
17501 8657
8316 16066
8739 9980
2376 15123
18215 22784
12740 15994
15094 33169
8014 20944
10655 10859
18430 17263
18107 18337
953 25466
12030 9818
17812 25467
16277 9825
29329 22426
1208 14022
10383 38676
6905 31392
8979 26574
22234 3564
12234 14470
13996 695
4538 33536
34323 16510
3689 26272
27482 13023
31751 33642
19803 11663
5504 34597
31870 11977
35356 3942
4957 18609
39890 1384
20123 32527
25335 33540
189 36900
18550 13039
21656 29313
29516 1832
4333 29544
19956 10599
17860 33308
15327 34130
16699 16380
19617 19391
17482 30702
11797 18038
2239 30164
9972 37639
6547 6028
8952 36577
5234 21149
22375 2787
29169 37316
17559 15565
33912 6580
27219 26442
25128 14278
32190 29595
11200 38020
35318 1736
23228 1458
5895 26121
5137 33036
3758 15416
26994 2090
24014 39266
20289 28294
23480 8918
34359 3733
36416 35403
7462 25772
9878 2546
3032 6746
12627 17427
17557 29816
25108 1075
31054 6566
39778 18032
8643 21239
28227 6232
7150 33170
25482 37296
19674 27040
861 22100
28122 6364
597 23987
24429 5838
2623 35137
20678 14897
320 6407
18975 15567
29235 39063
11367 24100
34890 18653
13163 14565
21499 15940
33340 22063
7540 27455
34153 6659
39733 19102
19517 33037
9560 16104
11400 17010
27641 23210
2866 19975
27259 23698
17695 31755
12464 1632
31442 27182
37610 23610
14704 11767
11051 18641
3980 28142
23399 21941
12332 32650
22408 36704
34481 8388
16692 18510
17958 38040
692 26036
39626 7854
11845 9300
35587 2786
19115 27493
34490 9027
22013 11491
16666 828
10186 34159
35874 8733
12847 20202
25754 27532
15878 6014
31322 30747
34135 27333
13516 18655
8489 543
6704 10689
10791 32076
25445 4550
7536 11815
6515 26034
5693 31709
7752 38900
15945 26961
1805 11016
31429 31744
8963 36070
25661 34377
19112 4332
28188 20859
30273 21862
28881 31003
16656 19580
38449 15424
26089 2919
1427 27696
8685 19996
29784 9486
33304 31052
29160 22853
15944 15306
32059 23716
24577 1260
21016 17464
5109 23687
7726 10113
36912 7127
7959 36195
30573 679
38976 35872
11215 9739
16204 23226
18867 19561
31676 22941
25814 30079
29495 11542
7650 1794
32675 2282
24753 2735
10855 32608
28586 859
21145 20905
16342 13175
25429 28409
35916 24837
19568 30086
20490 26366
29805 35938
18618 36960
4240 30631
9975 13921
17567 12313
21047 35848
13331 5517
32767 6947
26098 15521
17108 18229
23240 26966
28443 18428
11392 1457
22774 4897
12293 19076
11606 22567
20236 23814
9721 4014
39092 23014
25344 25842
4834 7541
32584 2142
34508 16334
32394 6962
37576 26077
14176 22775
2963 32996
17629 6363
5600 12739
37056 31814
39602 5679
36063 3351
24602 6156
35555 3465
26592 18713
29953 34617
31329 39275
293 2592
2396 27332
14129 7405
32141 15600
11444 6223
9507 2840
8118 39479
18454 36175
10942 31851
31306 36788
18303 1452
3676 17039
39570 31042
21939 29466
24460 6033
13645 2885
9200 33822
34359 4078
21401 39835
38123 1996
16713 25833
5052 27436
26814 1894
18592 33272
35633 15409
8228 17827
20298 37134
2091 10018
34852 1811
20873 28473
21877 19804
8053 31379
2515 13825
21530 4626
2235 19396
12247 13125
14016 25418
37483 11927
12194 37803
8662 9369
32924 3139
2437 21860
12219 33127
24056 31506
12772 32135
18940 24240
8694 25604
22241 12079
11040 18064
35644 25981
7066 12480
29179 15942
638 3148
20813 36586
1854 8173
12367 34255
29703 19214
38733 15105
20017 18409
35061 27188
33444 14557
39155 29546
19015 11136
11325 5985
15868 7002
32036 2534
814 12578
30165 35529
10456 30798
4035 149
7556 1680
8246 30666
23870 33460
23460 35084
5597 18554
18424 11548
6686 12266
39548 34685
23656 29991
39818 35536
23748 26744
39304 2285
28186 7544
37620 25979
31837 17460
12612 28684
27076 32243
12482 22591
6364 13986
1151 16467
26348 15894
26336 25180
2582 36411
26681 10453
37106 20786
4304 35572
37512 28306
13315 26927
6568 21568
21481 25992
33545 27794
34742 33923
13963 8644
38043 37167
29979 28009
30741 31547
35651 985
26067 1926
6665 17856
10063 17418
5386 11685
16396 6778
29715 4084
13172 6165
15852 22647
33254 16629
11354 7945
26278 26712
17066 6271
17858 10697
27365 1953
25439 24843
3416 31531
11195 29583
35606 27232
7733 26418
34242 17683
9080 14482
18161 23997
12869 38824
28895 23264
10719 17290
5885 31414
10118 15574
27745 21213
213 7920
221
6460 35311
17987 30916
30280 35837
20097 39607
34073 20176
14280 37051
2432 30162
9370 16829
35998 38215
8102 10794
39056 12816
28454 1407
33676 9331
13253 31114
16686 21527
20474 3934
34198 21188
10742 35338
37759 3964
25357 6456
21903 7061
21233 20223
10443 14806
16200 24992
7542 33701
18394 25007
19503 14253
8033 16717
20425 19281
14765 26261
13105 20068
16486 3653
35985 27176
30759 7668
20964 22548
36193 15785
39781 8834
39272 11872
27042 9787
19413 23524
6235 739
1746 17132
15984 32857
18356 23997
39978 9462
31038 31389
39036 9119
24378 15287
16472 18001
27631 21954
34221 12328
3443 12575
30623 16555
20189 19411
1914 4506
19131 18199
6824 33213
35763 28927
4481 34161
14254 3687
15468 38263
14201 3559
26370 26121
28041 36453
21839 14538
5517 27824
29324 2394
13009 32398
12474 3490
19168 33461
36825 1067
36171 27747
36447 32110
16827 20789
4328 22366
16488 555
20846 7553
8222 25496
28737 19978
5678 6042
4259 24800
26804 14110
23302 30533
31406 18012
33613 14089
6979 16128
26897 1991
35648 3915
22609 25247
9934 16414
17849 32095
5101 28937
29668 8338
16038 27838
30159 14794
28714 11310
7837 8143
15884 26049
560 26440
28862 20191
30973 32378
28499 28355
1495 38328
9176 13613
32613 35777
7061 9413
29110 6685
7656 7487
7502 11484
1192 11202
7883 21400
4189 22771
446 19830
9581 7978
6292 31305
39466 29004
28981 24435
29577 32590
20565 10553
16009 7300
11092 20557
26695 16665
4017 29676
19547 22305
28095 29494
33329 21436
4434 6091
10850 24808
35762 13152
36349 37757
24419 26046
33415 31384
29292 9606
18096 19109
2273 4517
7246 953
37027 25806
16114 11978
33590 16039
19674 24417
30983 22100
28590 22090
14197 29719
8980 18895
35241 6327
11483 13752
22180 37658
5574 2706
11445 10015
22923 6689
35734 23075
18073 14703
14962 21665
3717 5846
21973 6008
15216 16854
34786 30210
2847 39047
16993 34617
3081 35593
2833 2375
26707 26967
12973 28146
23377 5206
9555 17161
5747 22698
18222 28527
5482 38683
3647 38470
38601 7060
37563 18789
21521 21164
6418 31961
24510 37675
35319 8524
7420 32694
823 25157
30599 31987
38870 13085
21336 14746
21253 35665
32177 23144
32493 38051
22492 310
8875 20828
17024 13574
24180 24630
15152 8009
28296 8863
21912 2569
15988 29845
13238 19822
9699 34008
17281 29799
9614 405
10068 13946
25774 38776
39416 1430
37475 10270
13998 36419
31800 25617
24866 11180
38097 25299
2371 5364
22287 12807
14704 1801
24056 11731
6890 33768
37578 33228
32308 13099
22332 34529
16683 11851
18928 20606
18756 25860
30695 35070
38394 14837
38365 31906
35499 27192
29541 12932
4914 12037
2540 12840
55
18218 1038
21236 38417
15377 31646
13777 32395
13793 33980
30837 12379
5893 17127
5621 17082
2462 10251
28214 107
7541 20526
1657 21441
20002 21264
1761 16110
12041 6982
3853 6340
2142 31610
18954 7287
13074 13772
16525 35156
2138 20378
33030 13483
4384 10502
34454 21166
5027 38730
39089 36130
20830 39854
20322 25529
27616 35213
6398 20162
11316 10166
23409 17305
37289 28966
33282 38242
2614 13829
32295 7317
30697 39267
15974 39850
38708 14133
14571 10399
10789 39750
7461 25224
28628 3601
14109 30508
11695 633
31977 13955
19019 33918
9678 12344
5390 11353
647 29155
19761 32609
2062 22253
36536 39350
7739 12522
1997 35612
171
39111 12703
2388 11222
1407 35979
20270 29905
39191 30505
1301 549
15002 39770
5175 9025
1815 2937
32007 9865
19951 19782
5238 30390
27049 34608
3339 22202
39407 6874
1236 21231
13044 32081
5566 32353
20157 29972
32674 6826
33057 21163
28783 30956
38978 39704
39664 29014
7776 17722
35385 29609
23212 3754
37887 5712
31491 3147
8892 38084
34716 24342
32308 33532
22898 29306
6251 4291
23520 16257
35158 28685
28584 1611
14229 9596
28935 30440
11004 2948
1422 24125
38296 32403
37187 35951
32369 27519
29333 17302
25260 13286
464 10096
10013 30820
9133 2799
7030 22921
8308 8181
12255 16626
14731 23663
9757 20706
35473 28778
22058 64
5089 23734
38266 21995
33702 8810
19589 39412
17012 16872
9338 5402
8661 20297
38941 32357
19253 4560
38448 6568
36391 24531
39369 36265
18038 29806
28328 12558
21961 32235
21674 24213
17381 14949
21714 16253
39548 9757
8685 28437
36719 39961
38760 2259
34481 39833
21087 4330
13277 32934
26990 18985
15459 7023
1833 17265
29580 7134
27472 25102
20950 19514
3177 9640
20554 7656
16666 14742
18308 27659
4054 30064
17263 10266
4785 31556
26572 9042
24590 2466
26528 21997
22856 11311
10370 9343
9693 8378
21518 27116
5094 39220
841 36380
795 1191
12582 27111
30088 32822
10496 31655
28249 8198
5469 31879
31437 10451
5436 25984
38138 13912
17355 16448
9021 15965
29501 21765
4398 19821
31118 11294
13396 4541
34742 14838
28739 8431
1005 15830
1504 3702
27148 25847
25688 25562
21564 23489
20050 5030
7365 25213
15464 38572
3752 26657
10984 15511
6966 34289
39648 39923
21349 12845
35441 6455
9436 26870
35837 13040
8040 13598
12175 38194
15474 12406
5308 3316
32838 35237
30228 20592
28813 13674
20270 20388
38836 14194
2216 12618
9434 32132
39891 22193
24977 15038
31726 18752
9212 20058
13626 38053
31074 17323
4337 13831
1217 19181
15213 4968
31380 17385
9958 9710
9587 15527
5851 6570
18572 9084
12893 15864
14545 23704
15640 1277
1137 19931
12162 17266
11961 37425
39300 10402
39605 35468
29158 11577
17503 24480
129
1233 5252
12723 20830
34194 4296
11845 38238
37809 980
34373 16244
5702 24869
8845 25392
4630 17065
16385 19260
23245 11389
21601 37824
14305 13405
19695 37125
15309 11529
19542 27232
9953 21316
35659 22167
16098 10771
15050 15259
26701 1060
20731 16462
35676 18837
38661 3686
32953 10409
2585 30133
28020 17840
30349 1845
26874 1150
31320 22490
33834 3599
36622 30425
28573 13084
35468 38968
3996 26878
8470 18558
30930 37553
18705 24920
5185 20254
7341 35906
4476 27353
25026 167
21173 14278
22405 16320
15887 23211
14067 28034
34176 39125
29108 4078
26393 6716
1159 35422
33370 31285
17715 10948
20203 14880
29961 33404
22837 13457
21629 36082
37182 33978
27474 8596
24054 5366
28678 35191
29970 2105
30698 26452
5587 6782
37632 39998
1233 6457
22980 18499
7109 25105
9924 21821
12632 28389
1446 37591
21542 30121
35479 34075
30432 33347
20145 18830
29937 29066
9100 32240
11098 5070
25254 2128
25471 32334
13718 28778
11509 32993
9564 12963
34862 10000
31741 9132
26008 21312
22249 29480
30295 19592
33100 32082
9396 26189
7484 21408
39585 39288
14698 28965
34168 18002
8988 28646
24946 30209
10526 23702
5488 1182
38336 34185
22405 28294
32578 15815
10800 18431
25292 23271
32004 25817
15901 20500
12611 17901
39600 38986
38366 16369
6264 12249
32812 22218
20257 15517
29242 13397
38891 38287
6627 13191
30488 12654
3972 39368
3272 18282
25215 8858
27383 16936
18778 20609
21427 20468
16636 24490
12353 29269
28195 8358
28338 20277
19495 14367
6438 35944
11297 12559
9233 23690
22371 34273
359
34289 4399
39194 16283
27197 27133
24210 14274
4709 6644
15468 2507
35175 37071
33613 8090
27385 36449
2338 19099
19204 27608
39127 18370
36180 28513
20956 29260
24743 33124
21604 32253
26407 21442
28323 20498
1590 12713
24864 33843
12104 22088
13208 5244
12898 37585
14486 39336
21208 1729
35464 39497
19257 3751
29284 36125
4114 15488
2718 37783
38873 21547
38300 27466
6071 17574
11568 19622
34253 24344
29390 19412
36073 28422
12802 7406
27690 11425
6896 11277
28163 20144
10469 35396
1024 22751
33527 5982
7466 24062
31421 436
25858 35475
11665 3641
30290 39710
21328 30469
29302 7456
18926 13477
31766 27382
12126 19769
29401 33101
13575 26067
7042 377
32600 24068
12760 33421
31303 5349
7622 25591
30551 31812
37035 14660
2773 7260
6297 6660
19479 9551
4684 5639
1209 11243
9574 22451
20803 31426
9084 32562
25181 11337
15201 29175
4675 25827
20201 37100
5497 19090
20645 29177
3705 4543
8896 27858
21673 670
202 13468
21128 11880
1357 20510
20487 17948
24648 39527
1944 31494
7150 28503
12537 8994
33949 17092
18074 32745
3053 21211
30101 15985
38862 20369
29010 12453
29099 20256
9233 8702
20081 21814
316 25583
29915 28405
24331 33567
36800 26211
2569 33409
22234 6844
10156 29638
17894 38776
37220 11305
14773 22042
22803 33619
8389 10180
3584 9105
3133 34999
34090 6172
38563 35674
25275 18763
12481 39837
37747 37252
14206 33536
25342 13267
31984 3265
2780 3690
31841 17184
37470 15947
38913 16700
16393 1635
26116 31122
35 901
10590 6251
6390 26078
25052 26551
36681 19230
23794 35139
23775 30682
6251 11656
12745 14891
9631 14724
25388 34426
23455 2110
50 6119
1428 8830
35939 39039
15846 12382
26408 13059
25659 23977
9777 38388
29561 1578
39606 3386
16995 22724
26437 37686
17237 35992
15352 29233
32622 1260
10419 4891
13301 26816
20909 33511
29408 24461
2065 26233
30619 23842
27854 31966
26774 36653
39324 16707
28453 24739
19447 36416
10784 19692
23312 13815
24118 32983
39968 28423
16988 19295
4179 13712
36016 3507
8735 10596
18570 33450
26058 31141
36253 28595
16591 19729
19760 25901
6149 28040
6918 36365
4792 17125
17148 7457
21482 26532
16665 27139
24539 7133
8909 28817
9666 4205
8917 2760
23038 19122
29708 9148
35438 17449
27861 2495
32644 5936
29918 1458
9422 15733
10802 25745
30376 25343
10800 25542
20197 16173
17096 21489
16404 6010
23140 30065
16477 3710
2352 17773
13415 19841
13230 1238
35483 8219
2891 17446
30897 34621
8550 30019
3403 5942
17539 38812
32097 9486
13275 11865
39884 10337
19466 9017
7148 35324
32438 5732
39932 23445
7669 11536
14510 4555
25910 31588
31152 14849
5056 24463
9729 8501
35183 10685
15159 9549
744 22514
21515 4297
2707 18408
27974 7972
9639 4075
22506 36689
9610 9009
23388 14
27607 28674
24016 18791
20478 34482
467 30488
25736 31246
3303 36629
28650 37384
18223 33869
6221 15808
25285 18310
6484 37592
27657 23544
5368 4290
8284 32400
16813 1306
4031 23979
24025 9430
38468 37554
33894 17989
13245 27047
12132 13801
4418 5515
10610 15833
23729 29743
1977 7324
9788 37355
25842 13585
37812 25367
2674 15607
17142 4189
3605 31075
17556 24530
21269 37678
20734 2764
19944 2039
20600 18591
27572 14070
555 33592
7293 22308
8335 23579
17808 7937
34736 11599
3477 27426
6233 28946
17038 31901
11571 33232
1384 20214
2485 35908
11201 3754
28787 5675
2095 22039
25276 18019
18297 11451
36430 36583
3385 28072
17144 18235
14362 37101
15942 10089
7858 6882
9315 11282
22119 31076
33694 14112
20409 1857
22482 5057
32653 22405
23606 26093
23759 19059
3502 21300
39329 22952
11434 7278
19649 11366
25682 11586
10188 13981
20614 13015
5989 31518
16439 18924
3850 21849
8606 17405
19245 571
12601 37272
4567 32807
36216 25439
26673 30502
32106 29606
6726 12664
24163 24833
34626 3532
18933 13402
14375 23562
32787 3270
19796 5789
13993 23441
23528 9260
3856 28598
18031 8283
28551 14772
8873 11130
33033 8490
281 24385
11184 34595
7533 36707
3517 12346
16516 19950
16782 30001
32319 30758
20057 23492
16703 29065
15668 3103
20070 32956
11687 35110
7007 18491
6179 19486
2198 25691
17543 17819
9352 21747
15510 1091
17719 31163
20786 20469
29383 26837
7129 39254
1703 12272
11457 38858
38518 12673
4614 4474
3334 34156
32938 33770
28472 3225
48
10629 32749
30171 4158
32439 22430
24900 228
27947 27534
29424 9885
36122 22166
25077 13748
28815 34440
39365 15333
15131 30421
18417 8909
13453 21358
15250 3988
39405 21678
28268 34840
3223 19518
23564 31592
34684 6942
26627 33040
29079 35756
24852 26493
9525 27465
27217 15245
12474 30627
28143 29808
15015 39416
25319 6015
5262 36731
4001 3156
2836 21079
1030 12526
23539 13794
8513 2917
30355 38157
31932 22643
3609 8303
26952 38119
24804 27475
6917 9718
5515 15186
8953 37405
29111 17165
11849 26730
3706 18080
35075 12397
14522 1321
34674 13794
195
8449 19943
14450 29276
356 9924
18607 8595
10228 16930
32522 5
38047 3751
1067 9994
17805 16660
35676 17691
8329 6057
34471 26575
16464 7263
10032 2733
19979 13313
31300 32460
7230 27865
21809 23825
9249 29284
38335 4568
17133 31372
28820 31133
27100 22635
15838 8466
36811 30595
20874 33026
9066 3824
19332 11127
25337 39087
35613 1684
35629 19937
36817 1350
17054 7894
27336 28912
31538 22677
23993 24708
16969 8744
34965 29117
10156 37789
6700 33070
3852 9552
36603 24609
22184 33596
7438 2066
39597 36610
34361 24841
1482 8011
16558 2531
39633 38275
34859 17270
21438 11881
15937 28140
17009 225
511 30411
19829 29173
30608 38117
34080 25734
2795 12089
26011 39780
25339 5103
11935 27952
38526 30536
207 15599
14811 24915
8055 21376
3395 38234
2044 20595
5087 13467
12661 27022
37383 26989
16973 1448
23917 3040
14927 23982
2465 372
30759 31228
10585 37995
10182 37047
39311 13021
28485 14410
23356 12847
24618 21865
18063 37995
5468 3514
15990 34058
28673 9319
9082 28480
11874 36401
37598 23978
35641 37983
21073 2548
32561 3407
27401 16445
39841 31094
5760 29714
19955 3094
32485 8618
19644 11757
14500 37572
14584 39801
17902 3424
17301 25173
33342 4549
29002 21990
25549 28963
39373 10589
3311 10929
18494 37874
7011 10000
4103 2996
7441 6383
15479 10888
3081 20950
25730 4285
37799 20039
22633 23254
3087 34006
36462 15360
24518 21258
12531 3907
4000 25963
1840 23852
16581 18785
20085 13855
21572 25402
20455 36745
34891 28494
15086 12321
1944 21235
6725 39119
28342 31276
30723 38196
33335 9769
9810 6705
8490 10003
9523 4426
20564 1879
7816 34883
24753 37799
690 26485
15604 4566
14062 4491
4892 4129
9059 27072
32963 6029
35487 3711
29290 17205
30132 21902
7018 14596
24430 8223
11766 8375
1392 22869
15848 38725
28926 27362
2980 20852
25904 8931
5050 31327
26758 23562
20189 19068
15138 22118
7190 629
2986 14068
33087 2277
4905 3393
13190 31695
2030 4795
20811 29038
34865 34248
16790 3060
31647 11834
37537 36994
7746 7913
2889 9804
8166 25243
8343 20905
2760 27660
28094 3601
30608 27172
35144 15088
22568 12165
29295 13495
31986 22142
1227 33938
12626 24288
17948 18970
37169 29673
26638 37715
15941 38542
8609 35451
18162 37198
4634 15119
17210 31448
9745 13092
16182 11535
11509 32976
30351 24992
41
17174 24477
30815 31521
30259 8743
4204 13235
2841 34078
32007 28223
20660 25236
9201 2135
34636 14452
32296 25382
26330 11373
37063 21055
6808 2297
33370 35724
31761 33055
34335 25029
39547 22240
12477 3159
33606 27425
38497 11311
27276 374
23135 26976
3949 36501
292 18519
177 9270
11555 22278
36252 16465
22599 24251
4871 13402
27767 29457
30772 6678
33558 4844
21336 30693
9211 7738
18489 18645
23423 8970
5785 30486
20380 34808
7270 25168
19863 37839
36505 907
140
28573 31318
27317 30002
4383 28283
39836 20021
21651 9313
31876 35310
27653 7938
25095 38511
3036 612
8578 7664
6489 36136
29552 35548
2395 11308
32331 3960
32501 6571
21801 5623
5606 2941
32227 30936
34640 26264
5873 24793
7100 5685
33802 21360
21926 20363
14279 14968
34420 2447
28458 10467
38667 35326
13294 7813
21375 12359
11154 34321
27723 5409
24550 15606
16648 21082
27152 28413
34530 10473
21233 31378
22551 7831
809 11939
19491 1168
493 6421
2187 39510
21780 32293
5926 10745
9967 569
9434 16059
33629 17941
22140 19917
14132 34785
1862 7287
21903 19442
7524 28342
15734 20383
36682 2862
20514 22287
30895 18258
14627 18783
10504 1280
25489 12967
8860 14444
27327 9888
22236 2361
2595 37401
35988 16493
22909 1555
38246 3881
10155 19856
25776 31713
34020 14239
16745 23674
16657 39894
24387 14195
27792 20455
19109 9263
35753 30607
21861 13106
17659 15270
29162 24473
11033 29952
28072 11753
16796 36916
2230 37614
8399 12655
33133 34682
25423 8978
15833 26133
19937 11815
30000 24359
6317 35848
24471 4480
11931 26448
21352 33803
12232 19929
1056 38574
27972 13457
17229 29558
35504 21432
24997 22534
7356 2422
66 6330
12839 8049
14418 1246
17292 1560
29736 18971
16761 1970
35369 24756
2364 23514
36315 16098
2667 35283
27689 34299
15298 32271
27032 32375
30149 38826
7970 2043
22207 32338
33973 21197
20892 17685
10791 24663
37756 18160
35199 9530
26362 14029
21156 5051
26671 19983
3264 13926
27769 34807
6297 3119
18983 12214
36754 1677
2397 18321
6367 20060
24212 5608
7082 39631
36736 34432
18980 34646
33504 23007
2746 16098
20756 5486
11333 38097
3542 37446
37871 9610
39182 1568
426
26954 6599
30294 36541
32049 31691
7079 31199
33796 21640
14891 5707
24343 16551
9954 26458
35157 37420
27929 2953
4353 12836
32371 2039
12092 7565
9577 5899
14943 35701
36665 32072
2879 10321
2123 8287
22238 27471
38626 27979
12931 28296
30184 20545
20433 27815
13243 31018
6680 28396
6021 12682
29634 21864
14740 3639
9521 36828
13467 16150
22998 36996
5764 38890
4571 6691
747 25125
12696 14844
13568 14071
20240 10333
28590 29716
11262 34894
25656 14152
25369 3245
4392 25060
21734 28580
9637 13834
319 21343
2693 1406
10511 36364
36953 3340
37242 6688
27386 36004
24409 4083
30062 12479
36874 16525
38907 20183
13249 32906
562 4735
12309 10750
39963 18479
29564 5505
22973 30142
6690 20615
24406 10111
5207 27070
11926 18502
26435 6652
9622 12457
1779 32017
783 1544
16716 33374
27989 1167
23811 28318
33976 12796
21103 30733
33228 26741
33849 18129
24984 8684
31907 14716
9259 19628
27618 15018
21444 23313
2753 35647
30843 8470
17567 13694
13625 30130
24673 34394
32863 28907
31373 26474
35976 30572
13939 37055
20877 21043
10975 3907
3400 28702
22535 39851
34869 25226
22585 3041
11318 9009
11492 39025
25449 4500
28248 16185
16080 38609
35840 14992
4413 36753
22893 29639
35858 12563
20877 1240
25120 17883
39437 2099
4058 19078
29383 27972
18828 30034
36637 8323
37239 12586
11387 2787
30227 5069
3067 35063
17042 12003
21219 11995
6726 6384
4673 24152
24594 23164
29093 14709
35187 26031
758 14327
22024 718
38194 19005
3718 2348
35038 6432
23997 13566
29494 18060
31032 22812
19316 32318
11305 22579
15838 23751
1072 27722
32571 10119
21465 39797
26350 20109
7744 22118
6725 13348
24180 31517
19067 36211
14175 982
38619 39495
25025 10054
3789 4091
6575 11521
15762 18700
34796 39524
36082 29725
22094 9320
25887 21942
39020 15354
15070 33272
4281 37611
11706 38347
39803 32327
14970 22294
22078 3091
16475 19856
39687 39388
14168 14175
8188 38500
22534 3716
25017 33261
20611 100
32384 10974
6896 18730
8995 27986
19941 22622
26119 38310
29585 28410
19478 19252
26562 38109
27414 29616
16170 21731
18315 10297
29530 37001
11467 8899
28137 37290
10159 30253
7451 16032
30626 24538
15335 19188
37845 32943
6046 22892
5476 26608
19576 7516
7528 9577
23464 29418
8888 19553
35627 36708
36629 3908
16491 15471
39129 23390
13242 20802
7575 11302
1183 10797
32503 17856
28010 16690
18665 39615
6824 37804
31032 5231
14592 6593
6766 15192
19216 25019
36865 33175
5698 23775
29148 8337
26207 24178
7010 18138
12210 23443
15485 3926
16188 11927
33127 5943
6415 17521
7072 8318
3402 26770
30260 17852
28198 3924
15581 38322
12758 26973
34047 23768
20115 38464
14542 16342
5587 19880
38226 7794
38300 24901
25057 38739
28510 11025
32372 4725
125 23010
29823 31703
6362 19600
26942 20305
7615 3730
15513 30663
35006 38812
23049 21391
2868 13863
18050 10425
2661 8219
2152 15092
5999 5955
27421 10840
19595 24742
24351 26844
787 13245
8475 636
3738 3097
23473 2327
13211 1590
22652 1040
1066 28770
19190 35344
38329 27427
35076 913
32899 18321
34907 21529
3651 14031
29271 29726
514 12232
18944 36945
5921 24604
19677 22247
12566 22264
9714 24799
36679 6167
6510 19707
15912 10781
22406 8537
9341 29021
4176 33862
33590 37759
29377 35808
29497 39725
27483 6701
17993 27647
27583 21453
4740 37198
30746 4981
22338 28922
12377 36421
4309 29927
34883 6323
25894 10699
34486 2456
2781 22576
39436 31208
8174 3047
12308 21982
4483 27353
9700 36772
22374 37905
19356 14646
31322 30107
28556 5314
35747 9597
7084 21724
554 371
15845 27689
35287 12959
30689 30167
29135 35408
36342 6670
28778 3333
20188 2583
26477 7206
17327 34220
12657 24718
8350 14508
14620 38345
16673 30248
26508 8320
35146 34930
2513 27585
10171 7345
26154 38040
18369 24101
1734 13242
39366 6757
12702 33208
32964 34201
31847 26321
21645 13928
23378 32491
27743 8566
12312 9220
35985 11962
1520 26146
33322 17335
27134 12384
21546 9637
9651 38352
26972 38227
4237 34789
18478 7392
20248 19906
24154 3080
24897 12226
24620 30743
20971 17409
4747 21416
5583 23579
32314 34251
38274 39236
12027 19893
8204 23607
3235 18791
6683 32333
6733 24406
37196 34340
21313 12180
29452 11378
8905 21262
17344 34198
14710 25144
20247 2282
17295 25130
15754 14360
38819 7270
19337 25321
15239 33502
10097 38007
36318 22294
1612 28028
1712 11864
13988 18205
11572 14250
24209 29899
26713 11250
21468 17255
27629 4745
36051 18032
37342 14518
38521 35596
18137 34594
25579 37940
23725 17201
8519 36840
34932 9070
17054 822
17793 37628
5537 24932
34880 28972
11543 34042
22830 15466
22844 29479
8610 14986
16657 15315
27200 21270
20221 6322
6491 8621
12591 28248
33881 14807
15707 22356
7997 30517
2518 12805
35058 37151
38210 8024
13658 2852
21035 23798
30324 26630
8959 22962
21199 38114
3444 22996
23085 10529
31010 35303
34440 22659
5839 8042
29431 24180
23170 32570
34472 33728
11130 14015
5691 35695
24054 757
5132 25221
14925 26049
34399 16540
29910 11512
18339 35151
21686 28906
21728 5976
32345 19545
29037 31867
12277 12782
34938 18397
163
15695 2331
15331 28761
34821 39938
9037 24986
3422 2738
20741 30062
27590 29516
15711 17797
23708 9476
37387 1621
27812 32688
17224 28611
28805 12229
24918 25809
1138 10055
37388 20442
38069 26096
25334 31014
20599 26218
13437 30287
30612 32751
26375 16785
151 29272
19172 21126
4465 20069
11508 32332
9491 23424
10510 9092
30177 6253
21629 2661
6403 17774
23718 9185
14054 21375
8870 22931
19853 26020
33821 8135
26409 21067
981 31455
37570 30070
22917 7690
5324 1558
3521 31140
24579 19605
33787 32653
18073 21038
13855 8332
17375 12813
22550 21158
28985 25570
5441 35018
14280 31492
36528 10719
31006 13402
38184 41
6323 39418
38739 19632
12208 16055
25940 12050
38829 4908
3301 13538
3254 21337
11454 7014
7215 16713
3193 6602
16408 14074
6125 31990
14229 9072
34660 18528
2026 34883
23655 14969
10324 21534
31147 32346
38679 23541
8984 23009
39035 3822
7267 6486
38531 3742
2130 18592
3368 27834
18798 11237
20188 9143
12378 9719
37180 17550
25202 17417
10727 22643
9141 2500
26175 24206
37697 6913
16113 30138
229 11614
14518 37205
29228 5692
30220 23593
32262 36211
5901 8022
14145 37294
31566 37275
11937 16845
22472 16596
5137 37967
7448 6346
15923 6196
6973 13913
30469 1453
30810 20814
4557 25726
3155 18159
2616 18083
2672 30489
12822 28515
19495 23777
19344 33517
37614 25771
6393 19189
35387 6957
10650 24681
14441 27401
36476 19005
30833 11092
15284 7485
9407 37892
6088 16097
23104 6311
11271 16191
28107 28188
557 36376
7056 27194
17149 6331
12582 36336
10258 35029
4896 27648
15311 33496
16529 25779
36256 11715
33494 23568
5504 8155
23941 34881
15755 38750
2891 35353
26303 36330
5169 9682
13841 35623
21799 20173
33805 2579
6434 15968
13296 19061
15960 34121
17536 17656
35775 22105
23375 12428
23697 10414
20126 10748
36436 33300
39780 15035
11963 12666
5540 11036
32682 12680
624 24767
33813 17103
430 38293
22442 15827
20015 35900
5738 5268
29
26774 22883
18201 25676
30570 32992
17764 24760
34050 15523
18509 13597
26876 9882
37920 19804
18962 35966
5436 34261
10605 36388
35586 6088
23997 29027
16923 11337
30200 345
8749 21617
11383 27393
24422 31159
6802 35843
5298 31376
1511 26610
38228 9975
36885 11101
23020 23706
27946 39260
11176 27799
16704 34793
33835 26180
30933 32809
339
30883 7346
6233 33762
13847 1879
24252 20222
30935 27347
34794 27947
7455 26257
34338 21332
7425 30506
24637 16113
15138 8512
24298 14873
13224 28766
13487 35844
35307 34243
23064 34204
23990 791
27086 5567
4559 31547
24008 29465
35176 26887
5630 4967
12966 38916
7845 7613
5495 11270
20319 20689
37360 9826
5236 33737
32575 26542
30414 14952
835 4208
22748 4929
23655 36281
12048 31938
16057 9267
20481 25237
37556 27977
30886 13691
37996 29182
7228 24414
14586 20146
28605 13202
9107 7550
23856 27424
19411 17973
5564 1645
3936 23332
27001 2263
2031 28536
19425 17251
8319 37997
24603 39956
16894 39315
9718 14005
21521 1268
27122 5814
11257 872
10711 1413
2768 4887
39426 19880
6586 18653
38835 34698
10214 37187
35841 20869
27713 38983
11771 14988
20676 16453
11746 34474
25178 8107
33820 10002
8768 26350
8944 38159
23120 6867
14076 947
22858 24603
36222 11384
14587 26443
24430 8403
16472 34659
3892 12473
5024 33996
31473 18390
18518 4724
35084 33616
25530 11095
3240 32136
21603 23187
17735 24659
28357 25018
4957 6648
23403 18511
26158 2697
4588 26156
3983 31516
24956 37999
3058 37957
3824 25740
38241 12207
37587 11774
14947 31063
14727 22945
22565 14993
27249 19843
29528 28749
26226 38280
38909 22940
30067 3403
16904 31710
29063 31216
29387 14200
13114 18728
31267 780
38869 24508
35508 33120
36998 10483
7328 28575
34478 20356
4229 38540
24869 29276
5482 36686
1732 19323
35237 26949
26087 32793
32889 39074
37410 17421
10754 11255
11271 21408
16226 20944
1128 24504
22849 10822
1770 11642
11640 18631
24542 6980
15588 3127
32978 761
4452 38762
13869 25250
18462 17736
12216 30459
17834 24677
36756 4253
24434 25646
15862 16288
1790 21124
38710 34100
20977 17260
14752 22854
5568 3094
2881 2953
9496 14284
18 35592
1922 24419
19635 36016
14520 11575
37350 16578
34301 38745
18355 38128
38744 17028
2444 17802
18706 25321
19415 1108
36410 26415
20360 36027
29595 24010
7923 10680
38092 30432
8131 18337
6459 23156
21294 17643
39889 24958
22115 10456
31799 32722
24848 12227
25440 1650
23973 3311
1728 38633
20727 18796
18229 31882
22821 35219
12734 1688
34333 11769
30536 35237
20285 9947
13906 6111
270 12499
29781 32056
13531 7024
752 13268
21533 19785
9563 14993
14349 39088
18717 4505
25843 28519
33096 28065
19771 20980
13670 21554
5792 37090
15837 31700
1341 10150
32412 9825
32887 38213
1428 25920
2817 11886
8746 37327
617 38933
1574 23219
4637 29535
12004 17774
7689 6369
27813 23200
20767 33221
30547 3977
35585 11220
8754 28490
31967 8212
30993 20699
34086 15082
30651 20061
10223 749
14899 6126
14845 36683
6519 27428
34465 37299
11183 25088
27242 3226
28382 33194
27629 9923
14069 33157
9329 17316
4452 20080
23127 18213
38691 28635
16820 22374
39314 35570
5253 8520
21818 26134
23076 26920
9588 319
12156 39061
25709 16023
10223 22746
20934 27294
1354 9039
22673 13925
29446 20675
3715 30501
29992 28288
7944 6195
21097 19990
14775 39315
29147 11093
10915 36060
39254 11578
38006 8476
1802 15462
10360 34593
35760 12419
21084 2125
35605 28636
13007 20331
28141 19973
3945 38704
37202 13560
21216 20016
20957 23844
5463 11553
26317 38764
27338 18258
7125 31491
20264 29770
34235 32953
34386 28152
21493 14949
15809 25593
12385 22389
603 927
13848 19949
38621 19675
23307 1264
30425 33865
15536 39850
12721 1936
4904 25889
27100 8285
29916 7865
35679 30642
31610 24333
19792 16571
26400 37357
22529 32637
36016 22675
20354 11268
39330 32856
39138 23219
33882 15967
35036 5348
34887 22605
29624 24164
4623 27650
23643 31838
33004 38579
13989 25827
39420 38472
14988 14403
10450 7684
28597 34197
16028 11799
5949 6003
29827 8740
22951 34016
2120 15831
17296 37246
23577 19032
442 11784
6010 7714
5058 10162
14697 6512
3282 21462
5712 20903
33948 31383
35057 32548
35421 28230
27685 24853
12753 36420
20575 27823
26861 7106
14347 13748
31527 5084
29627 31868
38421 22693
17453 10906
6860 19500
6472 21488
17194 22827
30689 36762
15650 17485
37507 14814
20749 2480
5837 16920
26
23514 35473
12694 5850
7719 13128
18368 8444
35277 35919
32 7042
12971 33337
17028 15408
14547 32921
7365 33975
15603 26732
4865 10704
32773 20280
25697 9002
20813 27498
35018 16715
27494 26882
413 8166
33088 37020
31086 39613
26578 34189
867 13551
39517 3494
6785 39984
36927 10045
9369 30828
179
35066 38518
14041 34322
17530 25494
3081 34416
10806 32051
7208 19820
5152 34234
29246 15519
8836 38645
26607 15604
21895 22935
2530 31940
30189 12592
19075 1931
39886 865
17512 6448
12834 19215
32397 25002
29130 6854
17939 32176
20387 38857
6909 21251
20745 37099
4813 30788
17925 17701
25407 15622
476 21981
30247 10226
700 7923
31315 15392
10889 3277
12043 32919
29942 163
19610 14738
3059 22333
5646 26358
35368 11872
4336 9898
4900 12374
30006 3497
8489 6846
13519 29173
5396 19523
33914 21914
30215 11037
24108 21502
5134 2885
6978 2661
25058 21481
18745 34314
24600 35216
35309 14581
6496 1997
38808 18635
12530 17872
34668 13759
555 21001
11136 3833
11014 30542
17896 17228
22013 18581
5592 12750
35968 6416
34794 34943
35458 21034
2671 18579
17891 16613
26145 8696
6478 28873
25342 7176
26792 16939
21813 36266
34518 33714
1179 2657
11046 30037
34374 33638
20496 23640
494 36832
30656 4757
6688 10408
14122 11184
4957 23885
24933 39377
8346 12526
25818 27345
15464 22011
29849 6254
27739 21564
2377 16701
27704 7131
29231 40000
7365 24939
36259 29596
21925 14980
30219 22737
9900 22488
21772 32363
21820 25329
29489 23597
1746 20811
35981 30102
37933 7554
15921 6704
324 22369
1742 38276
29242 6599
29083 8691
10117 33492
4439 22720
31877 7776
35694 8622
7108 22552
35072 15191
3150 14119
6151 7443
7693 9751
766 14814
36492 21281
29888 23623
22062 7287
5786 15605
25419 4357
9860 15219
30247 31206
29109 24223
8007 1048
5873 7335
17350 21978
13627 25056
39484 12524
22 34613
5886 7654
9050 37601
26683 32252
29783 948
36719 30615
1557 32970
4335 20478
22786 10957
14628 7329
39050 15344
35150 28193
22164 32224
20944 24128
3985 31986
6336 23915
29963 28199
17745 10057
17369 34519
29931 20526
33954 6954
9039 10391
34066 37082
39034 32109
11803 29162
34563 10398
33406 1863
10046 22192
8877 28808
21921 18060
34586 10931
36789 20518
31959 26110
30684 28641
13399 4790
19378 20204
33559 38630
29188 8590
7077 34722
21814 37901
5358 35840
21629 32800
21557 670
26170 19759
20955 35359
15524 12844
19422 22400
7498 14884
26296 29991
0
